402.51
408.58
417.40
409.38
399.83
411.82
411.71
411.32
410.63
417.44
417.07
428.27
425.21
417.32
411.11
397.21
406.01
421.96
421.81
430.41
416.56
431.46
430.90
435.20
449.06
449.36
431.44
419.25
437.50
438.57
439.20
447.20
448.96
445.01
435.80
431.41
432.96
451.67
438.07
449.72
454.43
459.64
475.19
485.40
485.56
488.73
481.20
483.37
467.26
489.88
475.31
458.96
446.89
451.45
445.17
439.58
455.00
454.53
446.74
429.24
430.14
430.17
426.58
419.40
417.78
391.09
395.23
403.99
401.25
408.92
404.35
401.99
430.60
439.62
445.23
429.52
445.91
462.07
444.26
468.37
456.56
440.10
461.51
460.55
452.42
433.72
448.98
438.97
442.60
447.43
439.31
428.75
435.15
429.24
435.90
413.49
435.54
438.69
433.09
453.25
429.83
436.00
459.46
444.72
443.21
440.40
423.39
442.79
425.85
434.21
426.07
416.85
425.86
421.62
410.04
395.94
368.81
347.79
346.97
346.40
350.84
338.53
334.09
329.36
333.87
345.98
349.60
351.67
346.60
340.01
320.11
323.90
329.31
335.16
330.56
335.58
339.38
340.84
339.03
329.65
322.27
319.91
308.72
309.26
302.63
308.27
319.04
321.20
325.59
316.06
305.30
332.56
332.11
328.49
329.65
319.41
321.67
310.78
316.90
313.51
309.87
295.88
297.81
293.94
315.35
315.65
300.71
317.66
323.63
325.78
327.55
340.47
348.68
322.16
322.05
316.35
329.13
325.31
319.11
326.43
326.09
308.58
295.14
284.70
332.05
344.27
342.69
346.46
358.43
356.90
362.89
339.34
341.04
334.62
343.82
342.09
349.98
342.82
347.68
334.07
318.38
298.26
284.82
276.22
275.35
280.26
287.21
280.52
282.16
292.03
285.88
284.95
259.51
250.74
237.97
227.50
241.37
241.55
254.11
252.35
252.31
252.40
272.20
221.86
233.29
239.43
267.28
282.76
268.46
259.16
263.55
273.13
272.06
288.14
278.39
248.71
236.26
235.86
225.31
238.01
249.98
240.68
248.09
230.58
222.15
262.67
263.45
279.10
272.04
284.65
